>AJ890226.1_Sri_Lankan_cassava_mosaic_virus__India_[India_Kerala_C4]_ac1_gene,_ac2_gene,_ac3_gene,_ac4_gene,_av1_gene_and_av2_gene,_isolate_Kerala_C4,_complete_virus_segment,100.001
>KP455484.1_Sri_Lankan_cassava_mosaic_virus_isolate_Attur_2_segment_DNA_A,_complete_sequence,95.401,100.001
>NC_003861.1_Sri_Lankan_cassava_mosaic_virus[Colombo]_DNAA,_complete_genome,_isolate_SLCMVCol,95.201,96.201,100.001
>OM857615.1_Sri_Lankan_cassava_mosaic_virus_isolate_DSMZ_PV0424_segment_DNAA,_complete_sequence,96.701,96.701,95.901,100.001
>KR611577.1_Sri_Lankan_cassava_mosaic_virus_isolate_Malappuram_segment_DNAA,_complete_sequence,96.101,94.101,93.501,94.901,100.001
>MK404225.1_Sri_Lankan_cassava_mosaic_virus_isolate_Sreekaryam_1_segment_DNAA,_complete_sequence,96.101,94.201,93.501,94.801,98.101,100.001
>KP455486.1_Sri_Lankan_cassava_mosaic_virus_isolate_TVM3_segment_DNA_A,_complete_sequence,96.101,94.201,93.501,94.901,98.001,99.101,100.001
>OM857621.1_Sri_Lankan_cassava_mosaic_virus_isolate_DSMZ_PV0958_segment_DNAA,_complete_sequence,96.201,94.001,93.501,94.701,98.001,99.101,99.101,100.001
>AJ890224.1_Sri_Lankan_cassava_mosaic_virus_ac1_gene,_ac2_gene,_ac3_gene,_ac4_gene,_av1_gene_and_av2_gene,_isolate_Kerala_15,_complete_virus_segment,96.201,94.201,93.601,94.801,98.001,99.201,99.101,99.101,100.001
>KR611579.1_Sri_Lankan_cassava_mosaic_virus_isolate_TVM1_segment_DNAA,_complete_sequence,96.401,94.401,93.601,95.001,98.101,99.201,99.101,99.201,99.301,100.001
>OK377341.1_Sri_Lankan_cassava_mosaic_virus_isolate_Nil2021,_complete_genome,96.401,94.401,93.601,95.001,98.101,99.201,99.201,99.201,99.301,100.001,100.001
>OK377343.1_Sri_Lankan_cassava_mosaic_virus_isolate_Kuc2021,_complete_genome,96.201,94.201,93.501,94.801,97.901,98.901,98.901,99.101,99.201,99.701,99.701,100.001
>OK362288.1_Sri_Lankan_cassava_mosaic_virus_isolate_Pd2021_segment_DNAA,_complete_sequence,96.201,94.101,93.401,94.801,97.901,98.901,98.801,98.901,99.001,99.501,99.501,99.301,100.001
>OK377342.1_Sri_Lankan_cassava_mosaic_virus_isolate_Kin2021,_complete_genome,96.001,93.901,93.201,94.701,97.701,98.701,98.701,98.701,98.801,99.301,99.301,99.101,99.801,100.001
>OK424595.1_Sri_Lankan_cassava_mosaic_virus_isolate_Mut2021_segment_DNAA,_complete_sequence,96.001,93.901,93.201,94.601,97.701,98.601,98.601,98.701,98.801,99.201,99.301,99.201,99.701,99.601,100.001
>AJ890225.1_Sri_Lankan_cassava_mosaic_virus_ac1_gene,_ac2_gene,_ac3_gene,_ac4_gene,_av1_gene_and_av2_gene,_isolate_Kerala_17,_complete_virus_segment,96.401,94.101,93.601,94.901,98.001,99.201,99.101,99.201,99.301,99.301,99.401,99.201,99.101,98.901,98.801,100.001
>KU550961.1_Sri_Lankan_cassava_mosaic_virus_strain_Erode_2011_segment_DNAA,_complete_sequence,96.301,94.201,93.601,94.801,98.001,99.201,99.101,99.201,99.201,99.301,99.301,99.201,99.001,98.801,98.801,99.401,100.001
>AJ579307.1_Sri_Lankan_cassava_mosaic_virus__[Ker20]_segment_A,_isolate_Adivaram,96.201,94.101,93.401,94.801,97.901,99.101,99.001,99.101,99.001,99.201,99.301,99.101,98.901,98.801,98.701,99.201,99.201,100.001
>AJ890227.1_Sri_Lankan_cassava_mosaic_virus_ac1_gene,_ac2_gene,_ac3_gene,_ac4_gene,_av1_gene_and_av2_gene,_isolate_Tamil_Nadu_2,_complete_virus_segment,95.801,93.601,93.101,94.301,97.501,98.701,98.601,98.701,98.901,98.801,98.801,98.601,98.501,98.301,98.201,99.001,98.701,99.001,100.001
>AJ890229.1_Sri_Lankan_cassava_mosaic_virus_ac1_gene,_ac2_gene,_ac3_gene,_ac4_gene,_av1_gene_and_av2_gene,_isolate_Tamil_Nadu_7,_complete_virus_segment,96.001,93.901,93.201,94.601,97.701,98.901,98.801,98.901,99.101,99.101,99.101,98.901,98.801,98.601,98.501,99.301,99.001,99.201,99.201,100.001
>KF898349.1_Sri_Lankan_cassava_mosaic_virus_isolate_Erode_segment_DNAA,_complete_sequence,96.101,94.001,93.401,94.701,97.701,99.001,98.901,99.001,98.801,99.001,99.101,98.801,98.701,98.501,98.501,99.101,98.901,99.201,98.901,99.201,100.001
>AJ890228.1_Sri_Lankan_cassava_mosaic_virus_ac1_gene,_ac2_gene,_ac3_gene,_ac4_gene_and_av1_gene,_isolate_Tamil_Nadu_6,_complete_virus_segment,95.901,93.701,93.201,94.401,97.601,98.801,98.701,98.801,98.801,98.801,98.901,98.701,98.601,98.401,98.401,99.101,98.801,99.001,98.801,99.001,98.801,100.001
>AJ607394.1_Sri_Lankan_cassava_mosaic_virus_segment_A,_isolate_Salem,96.201,94.101,93.501,94.801,97.601,98.701,98.601,98.801,98.701,98.801,98.901,98.701,98.501,98.401,98.301,99.001,98.901,99.001,98.701,98.901,98.901,98.601,100.001
>KC424490.1_Sri_Lankan_cassava_mosaic_virusIndia[Attur_2009]_segment_DNAA,_complete_sequence,96.101,94.101,93.401,94.701,97.901,99.101,99.101,99.101,98.901,99.101,99.201,98.901,98.801,98.701,98.601,99.201,99.201,99.201,98.901,99.201,99.201,98.901,99.101,100.001
>LC586845.1_Sri_Lankan_cassava_mosaic_virus_Burirum_DNA,_segment_DNA_A,_complete_sequence,96.201,94.001,93.401,94.701,97.901,99.101,99.101,99.101,99.001,99.201,99.201,99.001,98.901,98.701,98.701,99.301,99.201,99.301,98.801,99.101,99.101,98.901,99.001,99.201,100.001
>MZ605401.1_Sri_Lankan_cassava_mosaic_virus_isolate_WFP3_segment_A,_complete_sequence,96.201,94.001,93.401,94.801,97.901,99.101,99.001,99.101,99.001,99.201,99.201,99.001,98.901,98.701,98.701,99.201,99.201,99.201,98.801,99.101,99.101,98.901,98.901,99.201,99.901,100.001
>MZ605403.1_Sri_Lankan_cassava_mosaic_virus_isolate_WFP2_segment_A,_complete_sequence,96.201,94.001,93.401,94.801,97.901,99.101,99.001,99.101,99.001,99.201,99.201,99.001,98.901,98.701,98.701,99.201,99.201,99.201,98.801,99.101,99.101,98.901,98.901,99.201,99.901,100.001,100.001
>MN026159.1_Sri_Lankan_cassava_mosaic_virus_isolate_Prachinburi_segment_A,_complete_sequence,96.201,94.101,93.501,94.801,98.001,99.201,99.101,99.201,99.101,99.301,99.301,99.101,99.001,98.801,98.701,99.301,99.301,99.301,98.901,99.201,99.201,99.001,99.101,99.301,99.901,99.901,99.901,100.001
>OM715161.1_Sri_Lankan_cassava_mosaic_virus_isolate_ChayaNM_segment_A,_complete_sequence,96.201,94.101,93.501,94.801,98.001,99.201,99.101,99.201,99.101,99.301,99.301,99.101,99.001,98.801,98.801,99.301,99.301,99.301,98.901,99.201,99.201,99.001,99.101,99.301,99.901,99.901,99.901,100.001,100.001
>MT671409.1_Sri_Lankan_cassava_mosaic_virus_isolate_Chachoengsao_segment_A,_complete_sequence,96.101,93.901,93.401,94.701,97.901,99.101,99.001,99.101,99.001,99.201,99.201,98.901,98.901,98.701,98.601,99.201,99.201,99.201,98.801,99.101,99.201,98.901,98.901,99.201,99.801,99.801,99.801,99.901,99.901,100.001
>LC633987.1_Sri_Lankan_cassava_mosaic_virus_NR3_DNA,_segment_A,_complete_sequence,95.901,93.701,93.101,94.501,97.601,98.801,98.801,98.801,98.701,98.901,98.901,98.701,98.601,98.401,98.401,98.901,98.901,98.901,98.501,98.801,98.801,98.601,98.701,98.901,99.501,99.501,99.501,99.601,99.601,99.501,100.001
>MT671413.1_Sri_Lankan_cassava_mosaic_virus_isolate_Khon_Kaen_segment_A,_complete_sequence,96.101,94.001,93.401,94.701,97.901,99.101,99.001,99.101,99.001,99.201,99.201,99.001,98.901,98.701,98.701,99.201,99.201,99.201,98.801,99.101,99.101,98.901,98.901,99.201,99.801,99.801,99.801,99.901,99.901,99.801,99.701,100.001
>MT671411.1_Sri_Lankan_cassava_mosaic_virus_isolate_Rayong_segment_A,_complete_sequence,96.001,93.901,93.301,94.601,97.801,99.001,98.901,99.001,98.901,99.101,99.101,98.901,98.801,98.601,98.501,99.201,99.101,99.201,98.701,99.001,99.101,98.801,98.901,99.101,99.701,99.701,99.701,99.801,99.801,99.701,99.501,99.801,100.001
>MT671415.1_Sri_Lankan_cassava_mosaic_virus_isolate_Chonburi_segment_A,_complete_sequence,96.201,94.001,93.401,94.701,97.901,99.101,99.101,99.101,99.001,99.201,99.201,99.001,98.901,98.701,98.701,99.301,99.201,99.301,98.801,99.101,99.201,98.901,99.001,99.201,99.901,99.801,99.801,99.901,99.901,99.801,99.501,99.801,99.901,100.001
>KT861468.1_Sri_Lankan_cassava_mosaic_virus_isolate_SLCMA_A_segment_DNAA,_complete_sequence,96.201,94.101,93.501,94.801,98.001,99.201,99.101,99.201,99.201,99.301,99.301,99.101,99.001,98.801,98.701,99.301,99.301,99.301,99.001,99.201,99.101,99.101,99.101,99.301,99.401,99.401,99.401,99.501,99.501,99.401,99.101,99.401,99.301,99.401,100.001
>MN577577.1_Sri_Lankan_cassava_mosaic_virus_isolate_Tay1_segment_DNAA,_complete_sequence,96.001,94.101,93.401,94.601,97.901,99.101,98.901,99.001,99.001,99.101,99.101,98.901,98.801,98.601,98.601,99.201,99.201,99.201,98.801,99.001,98.901,98.901,98.901,99.201,99.201,99.201,99.201,99.301,99.301,99.201,98.901,99.201,99.101,99.201,99.801,100.001
>LC312131.1_Sri_Lankan_cassava_mosaic_virus_genomic_DNA,_segment_A,_complete_sequence,_isolate__VTN6,96.101,94.001,93.401,94.701,97.901,99.101,99.001,99.101,99.101,99.201,99.201,99.001,98.901,98.701,98.701,99.201,99.201,99.201,98.901,99.101,99.001,98.901,98.901,99.201,99.301,99.301,99.301,99.401,99.401,99.301,99.001,99.301,99.201,99.301,99.901,99.701,100.001
>LC382266.1_Sri_Lankan_cassava_mosaic_virus_Ca8_DNA,_segment__A,_complete_sequence,96.101,94.001,93.401,94.701,97.901,99.101,99.001,99.101,99.101,99.201,99.201,99.001,98.901,98.701,98.701,99.201,99.201,99.201,98.901,99.101,99.001,98.901,98.901,99.201,99.301,99.301,99.301,99.401,99.401,99.301,99.001,99.301,99.201,99.301,99.901,99.701,99.901,100.001
>LC633986.1_Sri_Lankan_cassava_mosaic_virus_NR2_DNA,_segment_A,_complete_sequence,96.001,94.001,93.301,94.601,97.801,98.901,98.901,99.001,98.901,99.101,99.101,98.901,98.801,98.601,98.501,99.101,99.201,99.101,98.801,99.001,98.901,98.801,98.801,99.101,99.201,99.201,99.201,99.301,99.301,99.201,98.901,99.201,99.101,99.201,99.701,99.601,99.701,99.701,100.001
>OM715160.1_Sri_Lankan_cassava_mosaic_virus_isolate_JatrophaNM_segment_A,_complete_sequence,96.101,94.101,93.401,94.701,97.901,99.101,99.101,99.101,99.101,99.201,99.201,99.001,98.901,98.701,98.701,99.201,99.301,99.201,98.901,99.101,99.001,98.901,98.901,99.201,99.301,99.301,99.301,99.401,99.401,99.301,99.001,99.301,99.201,99.301,99.801,99.701,99.901,99.901,99.801,100.001
>OM802161.1_Sri_Lankan_cassava_mosaic_virus_isolate_MulberryNM_segment_A,_complete_sequence,96.001,94.001,93.301,94.601,97.801,98.901,98.901,99.101,98.901,99.101,99.101,98.901,98.801,98.601,98.601,99.101,99.201,99.101,98.801,99.001,98.901,98.801,98.801,99.101,99.201,99.201,99.201,99.301,99.301,99.201,98.901,99.201,99.101,99.201,99.701,99.601,99.701,99.701,99.801,99.901,100.001
>OM715155.1_Sri_Lankan_cassava_mosaic_virus_isolate_Phetchaburi_segment_A,_complete_sequence,96.201,94.101,93.501,94.701,97.901,99.101,99.101,99.101,99.101,99.201,99.201,99.001,98.901,98.701,98.701,99.301,99.301,99.301,98.901,99.101,99.101,99.001,99.001,99.201,99.301,99.301,99.301,99.401,99.401,99.301,99.101,99.301,99.201,99.301,99.901,99.701,99.901,99.901,99.901,100.001,99.901,100.001
>MN577575.1_Sri_Lankan_cassava_mosaic_virus_isolate_Ome1_segment_DNAA,_complete_sequence,96.001,94.001,93.401,94.601,97.801,99.101,98.901,99.001,99.001,99.101,99.101,98.901,98.801,98.601,98.601,99.201,99.201,99.201,98.801,99.001,98.901,98.901,98.901,99.101,99.201,99.201,99.201,99.301,99.301,99.201,98.901,99.201,99.101,99.201,99.801,99.701,99.901,99.901,99.701,99.901,99.701,99.901,100.001
>MT671423.1_Sri_Lankan_cassava_mosaic_virus_isolate_Nakhon_Ratchasima_segment_A,_complete_sequence,96.101,94.101,93.401,94.701,97.901,99.101,99.001,99.101,99.101,99.201,99.201,99.001,98.901,98.701,98.701,99.201,99.301,99.201,98.901,99.101,99.001,98.901,98.901,99.201,99.301,99.301,99.301,99.401,99.401,99.301,99.001,99.301,99.201,99.301,99.901,99.701,99.901,99.901,99.801,99.901,99.801,100.001,99.901,100.001
>OM715156.1_Sri_Lankan_cassava_mosaic_virus_isolate_Phichit_segment_A,_complete_sequence,96.001,94.001,93.401,94.701,97.801,99.001,98.901,99.001,99.001,99.101,99.101,98.901,98.801,98.601,98.601,99.201,99.201,99.201,98.801,99.001,98.901,98.901,98.901,99.101,99.201,99.201,99.201,99.301,99.301,99.201,98.901,99.201,99.101,99.201,99.801,99.701,99.901,99.901,99.701,99.901,99.701,99.901,99.901,99.901,100.001
>MT671419.1_Sri_Lankan_cassava_mosaic_virus_isolate_Surin_segment_A,_complete_sequence,96.101,94.101,93.401,94.601,97.801,99.001,99.001,99.101,99.101,99.101,99.201,98.901,98.801,98.701,98.601,99.201,99.301,99.201,98.901,99.101,99.001,98.901,98.901,99.201,99.301,99.201,99.201,99.301,99.301,99.201,99.001,99.201,99.201,99.301,99.901,99.701,99.901,99.901,99.801,99.901,99.801,99.901,99.901,100.001,99.901,100.001
>OM715154.1_Sri_Lankan_cassava_mosaic_virus_isolate_Buriram_segment_A,_complete_sequence,96.001,93.901,93.301,94.501,97.701,98.901,99.001,98.901,98.901,99.001,99.101,98.801,98.701,98.501,98.501,99.101,99.101,99.101,98.701,98.901,98.901,98.801,98.801,99.101,99.201,99.101,99.101,99.201,99.201,99.101,98.901,99.101,99.101,99.201,99.701,99.601,99.801,99.801,99.701,99.801,99.701,99.801,99.801,99.901,99.801,99.801,100.001
>LC382269.1_Sri_Lankan_cassava_mosaic_virus_VnTN2_DNA,_segment__A,_complete_sequence,96.001,93.901,93.301,94.601,97.801,98.901,98.901,99.001,98.901,99.101,99.101,98.901,98.801,98.601,98.601,99.101,99.101,99.101,98.801,99.001,98.901,98.801,98.801,99.101,99.201,99.201,99.201,99.301,99.301,99.201,98.901,99.201,99.101,99.201,99.801,99.601,99.701,99.701,99.601,99.701,99.601,99.701,99.701,99.701,99.701,99.701,99.601,100.001
>ON455001.1_Sri_Lankan_cassava_mosaic_virus_isolate_Comb_segment_DNA_A,_complete_sequence,96.001,93.901,93.301,94.501,97.701,98.901,98.901,98.901,98.901,99.001,99.101,98.901,98.701,98.501,98.501,99.101,99.101,99.101,98.801,98.901,98.901,98.801,98.801,99.101,99.201,99.101,99.101,99.201,99.201,99.101,98.901,99.101,99.101,99.201,99.701,99.601,99.701,99.701,99.501,99.601,99.501,99.701,99.601,99.701,99.601,99.701,99.601,99.701,100.001
>ON455003.1_Sri_Lankan_cassava_mosaic_virus_isolate_HN2123_segment_DNA_A,_complete_sequence,95.901,93.801,93.201,94.501,97.601,98.801,98.801,98.801,98.801,98.901,98.901,98.701,98.601,98.401,98.401,99.001,98.901,99.001,98.701,98.801,98.801,98.701,98.701,98.901,99.101,99.001,99.001,99.101,99.101,99.001,98.801,99.001,98.901,99.101,99.601,99.501,99.601,99.601,99.401,99.501,99.401,99.601,99.501,99.601,99.501,99.601,99.501,99.701,99.901,100.001
>OP748389.1_Sri_Lankan_cassava_mosaic_virus_isolate_Boeun2021_segment_A,_complete_sequence,95.701,93.601,92.901,94.301,97.501,98.601,98.601,98.701,98.601,98.801,98.801,98.601,98.501,98.301,98.301,98.801,98.801,98.901,98.401,98.701,98.601,98.501,98.501,98.801,98.901,98.901,98.901,99.001,99.001,98.901,98.601,98.901,98.801,98.901,99.401,99.201,99.401,99.401,99.201,99.301,99.201,99.401,99.301,99.401,99.301,99.401,99.301,99.401,99.301,99.201,100.001
>OQ117044.1_Sri_Lankan_cassava_mosaic_virus_isolate_Boeun20211_segment_A,_complete_sequence,95.901,93.801,93.101,94.501,97.701,98.801,98.801,98.801,98.801,98.901,99.001,98.801,98.701,98.501,98.401,99.001,98.901,99.101,98.601,98.801,98.801,98.701,98.701,98.901,99.101,99.101,99.101,99.201,99.201,99.101,98.801,99.101,99.001,99.101,99.601,99.501,99.701,99.701,99.501,99.601,99.501,99.601,99.601,99.701,99.601,99.601,99.501,99.601,99.601,99.501,99.601,100.001
>LC485942.1_Sri_Lankan_cassava_mosaic_virus_CaBB5_DNA,_segment_A,_complete_sequence,96.201,94.101,93.401,94.701,97.901,99.101,99.101,99.101,99.101,99.201,99.201,99.001,98.901,98.701,98.701,99.301,99.201,99.301,98.901,99.101,99.101,99.001,99.001,99.201,99.301,99.301,99.301,99.401,99.401,99.301,99.101,99.301,99.201,99.301,99.901,99.801,99.901,99.901,99.701,99.801,99.701,99.901,99.801,99.901,99.801,99.901,99.701,99.901,99.801,99.701,99.501,99.701,100.001
>LC382268.1_Sri_Lankan_cassava_mosaic_virus_VnTN5_DNA,_segment__A,_complete_sequence,96.201,94.101,93.401,94.701,97.901,99.101,99.101,99.101,99.101,99.201,99.201,99.001,98.901,98.701,98.701,99.301,99.201,99.301,98.901,99.101,99.101,99.001,99.001,99.201,99.301,99.301,99.301,99.401,99.401,99.301,99.101,99.301,99.201,99.301,99.901,99.801,99.901,99.901,99.701,99.801,99.701,99.901,99.801,99.901,99.801,99.901,99.701,99.801,99.701,99.601,99.401,99.601,99.901,100.001
>ON455005.1_Sri_Lankan_cassava_mosaic_virus_isolate_HN2124_segment_DNA_A,_complete_sequence,96.201,94.101,93.401,94.701,97.901,99.101,99.101,99.101,99.101,99.201,99.201,99.001,98.901,98.701,98.701,99.301,99.201,99.301,98.901,99.101,99.101,99.001,99.001,99.201,99.301,99.301,99.301,99.401,99.401,99.301,99.101,99.301,99.201,99.301,99.901,99.801,99.901,99.901,99.701,99.801,99.701,99.901,99.801,99.901,99.801,99.901,99.701,99.801,99.701,99.601,99.401,99.601,99.901,99.901,100.001
>MN544647.1_Sri_Lankan_cassava_mosaic_virus_isolate_Surin1_segment_DNAA,_complete_sequence,96.201,94.101,93.401,94.701,97.901,99.101,99.101,99.101,99.101,99.201,99.201,99.001,98.901,98.701,98.701,99.301,99.201,99.301,98.901,99.101,99.101,99.001,99.001,99.201,99.301,99.301,99.301,99.401,99.401,99.301,99.101,99.301,99.201,99.301,99.901,99.801,99.901,99.901,99.701,99.801,99.701,99.901,99.801,99.901,99.801,99.901,99.701,99.801,99.701,99.601,99.401,99.601,99.901,99.901,99.901,100.001
>MN577579.1_Sri_Lankan_cassava_mosaic_virus_isolate_Sis1_segment_DNAA,_complete_sequence,96.001,93.901,93.201,94.601,97.701,98.901,98.901,99.001,98.901,99.001,99.101,98.801,98.701,98.501,98.501,99.101,99.101,99.101,98.701,98.901,98.901,98.801,98.801,99.101,99.201,99.101,99.101,99.201,99.201,99.101,98.901,99.101,99.101,99.201,99.701,99.601,99.701,99.701,99.501,99.601,99.601,99.701,99.601,99.701,99.601,99.701,99.601,99.601,99.601,99.501,99.201,99.501,99.701,99.701,99.701,99.801,100.001
>LC485944.1_Sri_Lankan_cassava_mosaic_virus_CaBB1_DNA,_segment_A,_complete_sequence,96.201,94.101,93.401,94.701,97.901,99.101,99.101,99.101,99.101,99.201,99.201,99.001,98.901,98.701,98.701,99.301,99.201,99.301,98.901,99.101,99.101,99.001,99.001,99.201,99.301,99.301,99.301,99.401,99.401,99.301,99.101,99.301,99.201,99.301,99.901,99.801,99.901,99.901,99.701,99.801,99.701,99.901,99.801,99.901,99.801,99.901,99.701,99.801,99.701,99.601,99.401,99.601,99.901,99.901,99.901,99.901,99.701,100.001
>OQ745820.1_Sri_Lankan_cassava_mosaic_virus_isolate_Cheonan20212_segment_A,_complete_sequence,96.101,94.001,93.401,94.701,97.801,99.001,99.001,99.101,99.001,99.101,99.201,98.901,98.801,98.701,98.601,99.201,99.201,99.201,98.801,99.101,99.001,98.901,98.901,99.201,99.301,99.201,99.201,99.301,99.301,99.201,99.001,99.201,99.201,99.301,99.901,99.701,99.801,99.801,99.601,99.701,99.601,99.801,99.701,99.801,99.701,99.801,99.701,99.701,99.701,99.601,99.301,99.601,99.901,99.901,99.901,99.901,99.701,99.901,100.001
>LC633985.1_Sri_Lankan_cassava_mosaic_virus_NR1_DNA,_segment_A,_complete_sequence,96.101,94.001,93.301,94.601,97.801,99.001,99.001,99.101,99.001,99.101,99.201,98.901,98.801,98.701,98.601,99.201,99.201,99.201,98.801,99.101,99.001,98.901,98.901,99.201,99.301,99.201,99.201,99.301,99.301,99.201,99.001,99.201,99.201,99.301,99.901,99.701,99.801,99.801,99.601,99.701,99.601,99.801,99.701,99.801,99.701,99.801,99.701,99.701,99.701,99.601,99.301,99.601,99.901,99.901,99.901,99.901,99.701,99.901,99.901,100.001
>MT017511.1_Sri_Lankan_cassava_mosaic_virus_isolate_Pur1_segment_DNAA,_complete_sequence,96.201,94.101,93.401,94.701,97.901,99.101,99.101,99.101,99.101,99.201,99.201,99.001,98.901,98.701,98.701,99.301,99.201,99.301,98.901,99.101,99.101,99.001,99.001,99.201,99.301,99.301,99.301,99.401,99.401,99.301,99.101,99.301,99.201,99.301,99.901,99.801,99.901,99.901,99.701,99.801,99.701,99.901,99.801,99.901,99.801,99.901,99.701,99.801,99.701,99.601,99.401,99.601,99.901,99.901,99.901,99.901,99.701,100.001,99.901,99.901,100.001
>MN577576.1_Sri_Lankan_cassava_mosaic_virus_isolate_Ome2_segment_DNAA,_complete_sequence,96.201,94.001,93.401,94.801,97.801,99.001,99.001,99.101,99.001,99.101,99.201,98.901,98.801,98.701,98.601,99.201,99.201,99.201,98.801,99.101,98.801,98.901,98.901,99.201,99.301,99.201,99.201,99.301,99.301,99.201,99.001,99.201,99.201,99.301,99.901,99.701,99.801,99.801,99.601,99.701,99.601,99.801,99.701,99.801,99.701,99.801,99.701,99.701,99.701,99.601,99.301,99.601,99.901,99.901,99.901,99.901,99.701,99.901,99.801,99.801,99.901,100.001
>MN577578.1_Sri_Lankan_cassava_mosaic_virus_isolate_Tay2_segment_DNAA,_complete_sequence,96.001,93.901,93.301,94.601,97.801,99.001,98.901,99.001,99.001,99.101,99.101,98.901,98.801,98.601,98.501,99.201,99.101,99.201,98.801,99.001,98.901,98.901,98.901,99.101,99.201,99.201,99.201,99.301,99.301,99.201,98.901,99.201,99.101,99.201,99.801,99.701,99.801,99.801,99.601,99.701,99.601,99.701,99.701,99.801,99.701,99.701,99.601,99.701,99.601,99.501,99.301,99.501,99.801,99.801,99.801,99.801,99.601,99.801,99.701,99.701,99.801,99.701,100.001
>MN954656.1_Sri_Lankan_cassava_mosaic_virus_isolate_Sak2_segment_DNAA,_complete_sequence,96.001,93.901,93.301,94.601,97.801,99.001,98.901,99.001,99.001,99.101,99.101,98.901,98.801,98.601,98.501,99.201,99.101,99.201,98.801,99.001,98.901,98.901,98.901,99.101,99.201,99.201,99.201,99.301,99.301,99.201,98.901,99.201,99.101,99.201,99.801,99.701,99.801,99.801,99.601,99.701,99.601,99.701,99.701,99.801,99.701,99.701,99.601,99.701,99.601,99.501,99.301,99.501,99.801,99.801,99.801,99.801,99.601,99.801,99.701,99.701,99.801,99.701,99.701,100.001
>MW854732.1_Sri_Lankan_cassava_mosaic_virus_isolate_Chanthaburi_segment_A,_complete_sequence,96.101,94.001,93.401,94.601,97.801,99.001,99.001,99.101,99.001,99.101,99.201,98.901,98.801,98.701,98.601,99.201,99.201,99.201,98.801,99.101,99.001,98.901,98.901,99.201,99.301,99.201,99.201,99.301,99.301,99.201,99.001,99.201,99.201,99.301,99.901,99.701,99.801,99.801,99.601,99.701,99.601,99.801,99.701,99.801,99.701,99.801,99.701,99.701,99.701,99.601,99.301,99.601,99.901,99.901,99.901,99.901,99.701,99.901,99.801,99.801,99.901,99.801,99.701,99.701,100.001
>MH891840.1_Sri_Lankan_cassava_mosaic_virus_isolate_HN7_segment_A,_complete_sequence,96.101,94.001,93.401,94.701,97.901,99.101,99.001,99.101,99.101,99.201,99.201,98.901,98.901,98.701,98.601,99.201,99.201,99.201,98.901,99.101,99.001,98.901,98.901,99.201,99.301,99.301,99.301,99.301,99.401,99.301,99.001,99.301,99.201,99.301,99.901,99.701,99.901,99.901,99.701,99.801,99.701,99.801,99.801,99.901,99.801,99.801,99.701,99.701,99.701,99.601,99.301,99.601,99.901,99.901,99.901,99.901,99.701,99.901,99.801,99.801,99.901,99.801,99.801,99.801,99.801,100.001
>MT671421.1_Sri_Lankan_cassava_mosaic_virus_isolate_Sa_Kaeo_segment_A,_complete_sequence,96.101,94.101,93.401,94.701,97.901,99.101,99.001,99.101,99.101,99.201,99.201,98.901,98.901,98.701,98.601,99.201,99.201,99.201,98.901,99.101,99.001,98.901,98.901,99.201,99.301,99.301,99.301,99.401,99.401,99.301,99.001,99.301,99.201,99.301,99.901,99.701,99.901,99.901,99.701,99.801,99.701,99.801,99.801,99.901,99.801,99.801,99.701,99.701,99.801,99.701,99.301,99.601,99.901,99.901,99.901,99.901,99.701,99.901,99.801,99.801,99.901,99.801,99.801,99.801,99.801,99.901,100.001
>MT671417.1_Sri_Lankan_cassava_mosaic_virus_isolate_Ubon_Ratchathani_segment_A,_complete_sequence,96.201,94.101,93.401,94.701,97.901,99.101,99.101,99.201,99.101,99.201,99.301,99.101,98.901,98.801,98.701,99.301,99.301,99.301,98.901,99.201,99.101,99.001,99.001,99.301,99.401,99.301,99.301,99.501,99.501,99.301,99.101,99.301,99.301,99.401,100.001,99.801,99.901,99.901,99.701,99.901,99.701,99.901,99.901,99.901,99.901,99.901,99.801,99.801,99.801,99.701,99.401,99.701,100.001,100.001,100.001,100.001,99.801,100.001,99.901,99.901,100.001,99.901,99.901,99.901,99.901,99.901,99.901,100.001
>MN688214.1_Sri_Lankan_cassava_mosaic_virus_isolate_DG1922_segment_DNAA,_complete_sequence,96.001,93.901,93.201,94.601,97.801,98.901,98.901,99.001,98.901,99.101,99.101,98.901,98.801,98.601,98.501,99.101,99.101,99.101,98.801,99.001,98.901,98.801,98.801,99.101,99.201,99.201,99.201,99.301,99.301,99.201,98.901,99.201,99.101,99.201,99.801,99.601,99.701,99.701,99.601,99.701,99.601,99.701,99.701,99.701,99.701,99.701,99.601,99.601,99.601,99.501,99.201,99.501,99.801,99.801,99.801,99.801,99.601,99.801,99.701,99.701,99.801,99.701,99.701,99.701,99.701,99.701,99.701,99.801,100.001
>MN688216.1_Sri_Lankan_cassava_mosaic_virus_isolate_GZ1924_segment_DNAA,_complete_sequence,96.101,94.001,93.401,94.701,97.901,99.101,99.001,99.101,99.101,99.201,99.201,99.001,98.901,98.701,98.701,99.201,99.201,99.201,98.901,99.101,99.001,98.901,98.901,99.201,99.301,99.301,99.301,99.401,99.401,99.301,99.001,99.301,99.201,99.301,99.901,99.701,99.901,99.901,99.701,99.801,99.701,99.801,99.801,99.901,99.801,99.801,99.701,99.701,99.701,99.601,99.301,99.601,99.901,99.901,99.901,99.901,99.701,99.901,99.801,99.801,99.901,99.801,99.801,99.801,99.801,99.901,99.901,99.901,99.801,100.001
>MT946533.1_Sri_Lankan_cassava_mosaic_virus_isolate_Champ1_segment_DNAA,_complete_sequence,96.001,93.901,93.301,94.601,97.801,98.901,98.901,99.001,98.901,99.101,99.101,98.801,98.801,98.601,98.501,99.101,99.101,99.101,98.801,99.001,98.901,98.801,98.801,99.101,99.201,99.201,99.201,99.301,99.301,99.201,98.901,99.201,99.101,99.201,99.801,99.601,99.701,99.701,99.601,99.701,99.601,99.701,99.701,99.701,99.701,99.701,99.601,99.601,99.601,99.501,99.201,99.501,99.801,99.801,99.801,99.801,99.601,99.801,99.701,99.701,99.801,99.701,99.701,99.701,99.701,99.701,99.701,99.801,99.601,99.701,100.001
>MN026160.1_Sri_Lankan_cassava_mosaic_virus_isolate_Srisaket_segment_A,_complete_sequence,96.101,94.001,93.401,94.601,97.801,99.001,99.001,99.101,99.101,99.101,99.201,98.901,98.801,98.701,98.601,99.201,99.201,99.201,98.901,99.101,99.001,98.901,98.901,99.201,99.301,99.201,99.201,99.301,99.301,99.301,99.001,99.201,99.201,99.301,99.901,99.701,99.801,99.801,99.601,99.701,99.601,99.801,99.701,99.801,99.701,99.801,99.701,99.701,99.701,99.601,99.301,99.601,99.901,99.901,99.901,99.901,99.701,99.901,99.801,99.801,99.901,99.801,99.701,99.701,99.801,99.801,99.801,99.901,99.701,99.801,99.701,100.001
>OK571385.1_Sri_Lankan_cassava_mosaic_virus_isolate_Cambodia2015_segment_DNAA,_complete_sequence,96.201,94.101,93.501,94.701,97.901,99.101,99.101,99.201,99.101,99.201,99.301,99.101,98.901,98.801,98.701,99.301,99.301,99.301,98.901,99.201,99.101,99.001,99.001,99.301,99.401,99.301,99.301,99.501,99.501,99.301,99.101,99.301,99.301,99.401,100.001,99.801,99.901,99.901,99.701,99.901,99.701,99.901,99.901,99.901,99.901,99.901,99.801,99.801,99.801,99.701,99.401,99.701,100.001,100.001,100.001,100.001,99.801,100.001,99.901,99.901,100.001,99.901,99.901,99.901,99.901,99.901,99.901,100.001,99.801,99.901,99.801,99.901,100.001
>AJ314739.1_Indian_cassava_mosaic_virus[Maharashtra]_DNAA,_complete_genome,_isolate_ICMVMah,87.401,87.401,85.901,88.601,85.701,85.201,85.401,85.201,85.401,85.201,85.201,84.901,84.701,84.801,84.501,85.501,85.301,85.501,85.101,85.301,85.501,85.401,85.301,85.501,85.501,85.501,85.501,85.501,85.501,85.501,85.501,85.701,85.501,85.501,85.601,85.501,85.501,85.501,85.401,85.401,85.401,85.401,85.301,85.401,85.401,85.401,85.301,85.501,85.401,85.401,85.201,85.401,85.501,85.501,85.501,85.501,85.401,85.501,85.601,85.501,85.501,85.701,85.501,85.401,85.501,85.501,85.501,85.601,85.401,85.601,85.401,85.501,85.601,100.001
>OR052509.1_Indian_cassava_mosaic_virus_isolate_ICMVind_segment_DNA_A,_complete_sequence,87.401,87.401,85.801,88.601,85.601,85.201,85.301,85.101,85.301,85.201,85.201,84.901,84.701,84.801,84.501,85.401,85.301,85.501,85.101,85.201,85.501,85.301,85.301,85.501,85.401,85.501,85.501,85.501,85.501,85.401,85.501,85.601,85.501,85.501,85.501,85.501,85.501,85.501,85.301,85.401,85.401,85.401,85.301,85.401,85.401,85.301,85.301,85.501,85.401,85.401,85.201,85.401,85.501,85.501,85.501,85.501,85.401,85.501,85.501,85.401,85.501,85.601,85.401,85.401,85.401,85.501,85.501,85.501,85.401,85.501,85.401,85.401,85.501,100.001,100.001
>AY730035.2_Indian_cassava_mosaic_virus_isolate_Mah2_segment_DNA_A,_complete_sequence,87.001,87.201,85.501,88.301,85.201,85.001,85.101,84.901,85.201,85.001,85.101,84.801,84.601,84.701,84.401,85.301,85.101,85.201,84.901,85.001,85.301,85.201,85.101,85.301,85.301,85.301,85.301,85.301,85.301,85.301,85.301,85.301,85.201,85.301,85.401,85.301,85.301,85.301,85.101,85.201,85.201,85.201,85.101,85.201,85.201,85.101,85.101,85.301,85.201,85.201,85.001,85.201,85.301,85.301,85.301,85.301,85.201,85.301,85.301,85.201,85.301,85.501,85.301,85.201,85.201,85.301,85.301,85.401,85.101,85.401,85.201,85.201,85.401,98.901,98.801,100.001
>NC_001932.1_Indian_cassava_mosaic_virus_DNA_A,_complete_sequence,87.301,87.801,86.401,88.801,85.601,85.301,85.601,85.301,85.701,85.601,85.601,85.401,85.101,85.301,85.001,85.601,85.401,85.701,85.301,85.501,85.701,85.501,85.501,85.601,85.601,85.601,85.601,85.601,85.701,85.601,85.401,85.701,85.601,85.601,85.601,85.601,85.501,85.501,85.401,85.401,85.401,85.401,85.301,85.401,85.401,85.401,85.301,85.601,85.401,85.401,85.401,85.501,85.601,85.601,85.601,85.601,85.501,85.601,85.501,85.501,85.601,85.701,85.501,85.401,85.501,85.601,85.601,85.601,85.601,85.601,85.501,85.501,85.601,98.401,98.401,98.201,100.001
>Z24758.1_Indian_cassava_mosaic_virus_encoding_AR0_complete_CDS,87.301,87.801,86.401,88.801,85.601,85.301,85.601,85.301,85.701,85.601,85.601,85.401,85.101,85.301,85.001,85.601,85.401,85.701,85.301,85.501,85.701,85.501,85.501,85.601,85.601,85.601,85.601,85.601,85.701,85.601,85.401,85.701,85.601,85.601,85.601,85.601,85.501,85.501,85.401,85.401,85.401,85.401,85.301,85.401,85.401,85.401,85.301,85.601,85.401,85.401,85.401,85.501,85.601,85.601,85.601,85.601,85.501,85.601,85.501,85.501,85.601,85.701,85.501,85.401,85.501,85.601,85.601,85.601,85.601,85.601,85.501,85.501,85.601,98.401,98.401,98.201,100.001,100.001
>GQ924760.1_Jatropha_curcas_mosaic_virus[Dha]_isolate_Dharwad_segment_DNAA,_complete_sequence,85.601,84.101,83.601,84.901,85.801,85.801,86.101,86.201,86.101,86.001,86.101,85.801,85.901,85.801,85.801,86.401,86.201,86.201,86.001,86.101,86.201,86.201,86.401,86.401,86.301,86.301,86.301,86.401,86.401,86.301,86.401,86.501,86.401,86.401,86.301,86.201,86.201,86.201,86.201,86.201,86.201,86.201,86.101,86.201,86.201,86.201,86.101,86.101,86.101,86.101,85.901,86.101,86.201,86.201,86.301,86.201,86.101,86.201,86.201,86.201,86.201,86.201,86.201,86.101,86.101,86.201,86.201,86.201,86.101,86.301,86.101,86.201,86.201,91.801,91.801,91.601,91.201,91.201,100.001
>JN692494.1_Jatropha_curcas_mosaic_virus_isolate_JC3_segment_DNAA,_complete_sequence,85.501,83.901,83.201,84.301,85.401,85.601,85.501,85.701,85.601,85.501,85.501,85.401,85.401,85.401,85.401,85.801,85.601,85.701,85.401,85.501,85.701,85.701,85.701,85.801,85.701,85.601,85.601,85.701,85.701,85.701,85.601,85.701,85.701,85.701,85.701,85.601,85.601,85.601,85.601,85.701,85.701,85.701,85.601,85.601,85.601,85.601,85.601,85.601,85.501,85.501,85.401,85.601,85.601,85.601,85.601,85.601,85.501,85.701,85.601,85.601,85.701,85.601,85.601,85.501,85.601,85.601,85.601,85.701,85.901,85.701,85.501,85.601,85.701,91.201,91.101,91.001,90.401,90.401,94.901,100.001
>JX518289.1_Jatropha_curcas_mosaic_virus_isolate_ICMVIN_SG_12_segment_DNAA,_complete_sequence,85.401,84.301,83.601,84.801,85.601,85.801,86.001,86.001,85.801,85.801,85.801,85.801,85.601,85.701,85.701,86.201,85.901,85.901,85.601,85.801,86.101,85.901,86.001,86.101,86.001,86.001,86.001,86.101,86.101,86.001,85.901,86.201,86.101,86.101,86.001,86.101,85.901,85.901,85.901,86.001,86.001,86.001,85.901,86.001,86.001,86.001,85.901,85.901,85.801,85.801,85.701,85.901,86.001,86.001,86.001,86.001,85.801,86.001,85.901,85.901,86.001,85.901,85.901,85.801,85.901,86.001,85.901,86.001,86.001,86.001,85.901,86.001,86.001,91.801,91.801,91.601,91.201,91.201,94.701,95.801,100.001
>AJ575819.1_Indian_cassava_mosaic_virus[Ker2]_DNA_A,_isolate_Adivaram_2,86.101,84.101,83.301,84.601,87.201,87.301,87.401,87.701,87.501,87.401,87.401,87.301,87.101,87.101,87.101,87.601,87.601,87.601,87.201,87.401,87.501,87.601,88.101,87.801,87.601,87.601,87.601,87.701,87.701,87.701,87.701,87.701,87.601,87.601,87.801,87.701,87.601,87.701,87.601,87.601,87.601,87.701,87.701,87.701,87.701,87.701,87.601,87.601,87.601,87.601,87.401,87.501,87.701,87.701,87.701,87.701,87.601,87.701,87.601,87.601,87.701,87.701,87.601,87.601,87.601,87.701,87.601,87.701,87.701,87.801,87.601,87.601,87.701,91.901,91.901,91.701,91.401,91.401,93.501,92.201,92.501,100.001
>KU550960.1_Indian_cassava_mosaic_virus_strain_Salem_2011_segment_DNAA,_complete_sequence,87.501,85.401,84.801,86.101,88.501,88.901,89.201,89.401,89.101,89.201,89.201,89.101,89.001,89.001,89.101,89.201,89.201,89.401,89.001,89.201,89.301,89.101,89.901,89.501,89.401,89.301,89.301,89.401,89.401,89.401,89.101,89.401,89.301,89.401,89.501,89.401,89.401,89.401,89.401,89.401,89.301,89.401,89.401,89.401,89.301,89.401,89.301,89.401,89.301,89.301,89.101,89.201,89.401,89.401,89.401,89.401,89.301,89.401,89.301,89.301,89.401,89.401,89.301,89.301,89.301,89.401,89.401,89.401,89.401,89.401,89.301,89.401,89.401,91.301,91.301,91.101,90.901,90.901,92.101,91.001,91.401,96.401,100.001
>KU308385.1_Indian_cassava_mosaic_virus_isolate_TVM4_segment_DNAA,_complete_sequence,87.701,85.601,84.601,85.901,89.601,90.501,90.201,90.301,90.101,90.101,90.201,90.001,89.801,89.901,89.901,90.201,90.201,90.101,89.801,90.001,90.001,90.001,89.801,90.201,90.201,90.201,90.201,90.301,90.301,90.301,90.401,90.201,90.101,90.201,90.301,90.301,90.201,90.301,90.201,90.201,90.101,90.301,90.201,90.201,90.201,90.201,90.101,90.201,90.101,90.001,89.901,90.101,90.201,90.201,90.201,90.201,90.101,90.301,90.201,90.201,90.301,90.201,90.101,90.101,90.201,90.201,90.201,90.301,90.301,90.601,90.101,90.201,90.301,91.301,91.301,90.901,90.801,90.801,92.601,91.601,91.701,94.401,94.801,100.001
>JN135236.3_Jatropha_leaf_yellow_mosaic_Katarniaghat_virus_segment_DNAA,_complete_sequence,80.201,79.601,79.001,80.101,80.401,80.201,80.301,80.401,80.201,80.701,80.801,80.601,80.501,80.401,80.401,80.501,80.101,80.601,80.201,80.401,80.301,80.101,80.701,80.601,80.601,80.601,80.601,80.701,80.701,80.701,80.501,80.801,80.801,80.601,80.301,80.301,80.301,80.301,79.901,80.001,79.901,80.001,79.901,79.901,79.901,79.901,79.901,80.201,80.201,80.101,80.101,80.301,80.201,80.201,80.301,80.301,80.101,80.301,80.201,80.201,80.301,80.401,80.201,80.201,80.201,80.301,80.401,80.301,80.401,80.301,80.101,80.201,80.201,82.501,82.501,82.201,82.501,82.501,83.101,82.401,82.501,83.001,83.101,83.501,100.001
>NC_038956.1_Jatropha_leaf_yellow_mosaic_Katarniaghat_virus_isolate_Katerniaghat_2_segment_DNAA,_complete_sequence,80.101,79.701,79.301,79.901,80.301,80.001,80.001,80.201,80.101,80.601,80.601,80.501,80.401,80.301,80.301,80.301,80.401,80.401,80.001,80.201,80.101,79.901,80.601,80.401,80.501,80.401,80.401,80.501,80.501,80.501,80.301,80.701,80.601,80.401,80.201,80.101,80.101,80.101,80.301,80.301,80.201,80.301,80.201,80.301,80.301,80.201,80.301,80.001,80.001,80.001,80.001,80.101,80.101,80.101,80.201,80.101,80.001,80.101,80.101,80.001,80.101,80.201,80.001,80.001,80.101,80.101,80.201,80.101,80.301,80.201,80.001,80.001,80.101,82.301,82.301,82.001,82.201,82.201,83.101,82.401,82.501,82.801,83.101,83.301,98.001,100.001
>NC_038449.1_Jatropha_mosaic_India_virus[Lucknow]_strain_SK2_segment_DNAA,_complete_sequence,84.201,83.401,83.001,83.901,85.101,84.601,84.701,84.701,84.601,84.801,84.801,84.401,84.601,84.601,84.501,84.801,84.901,84.901,84.501,84.801,84.801,84.701,85.001,85.001,85.001,85.001,85.001,85.101,85.101,85.001,85.101,85.101,85.101,85.001,84.901,84.801,84.801,84.801,84.901,84.901,84.901,85.001,84.901,84.901,84.901,84.901,84.901,84.701,84.701,84.601,84.601,84.701,84.801,84.801,84.801,84.801,84.701,84.801,84.801,84.801,84.901,84.901,84.801,84.701,84.801,84.801,84.901,84.801,84.701,84.901,84.701,84.701,84.801,86.601,86.601,86.401,86.101,86.101,88.701,88.101,88.001,87.901,88.001,88.301,89.901,89.201,100.001
>KM023146.1_Jatropha_leaf_crumple_virus_isolate_SKJ1,_complete_genome,82.601,82.301,82.801,82.401,82.901,82.901,82.901,82.301,82.701,82.701,82.701,82.701,82.501,82.701,82.501,82.901,82.901,82.801,82.401,82.601,82.601,82.801,82.901,82.701,82.801,82.701,82.701,82.801,82.801,82.801,82.701,82.801,82.801,82.801,82.901,82.801,82.801,82.801,82.801,82.801,82.601,82.901,82.801,82.801,82.801,82.801,82.801,82.801,82.801,82.801,82.701,82.801,82.801,82.801,82.801,82.801,82.501,82.901,82.801,82.801,82.901,82.801,82.701,82.701,82.701,82.801,82.901,82.901,82.901,82.901,82.701,82.801,82.901,84.801,84.701,84.401,84.101,84.101,84.401,84.001,84.601,84.701,85.401,86.001,81.501,81.501,86.201,100.001
>KM189819.1_Jatropha_leaf_crumple_India_virus_[J._curcas__Jodhpur]_isolate_SKJ3,_complete_genome,82.601,82.101,82.701,82.401,82.801,82.801,82.701,82.301,82.601,82.501,82.501,82.501,82.401,82.501,82.301,82.901,82.901,82.801,82.401,82.601,82.601,82.801,82.901,82.701,82.801,82.701,82.701,82.801,82.801,82.801,82.701,82.801,82.801,82.801,82.901,82.801,82.801,82.801,82.801,82.801,82.601,82.901,82.801,82.801,82.801,82.801,82.801,82.601,82.801,82.801,82.701,82.601,82.801,82.801,82.801,82.801,82.501,82.901,82.801,82.801,82.901,82.801,82.701,82.701,82.701,82.801,82.901,82.901,82.901,82.901,82.701,82.801,82.901,84.801,84.701,84.401,84.101,84.101,84.401,84.001,84.601,84.701,85.401,85.901,81.301,81.301,86.201,100.001,100.001
>NC_025725.1_Jatropha_leaf_crumple_virus_isolate_SKJ1,_complete_genome,82.601,82.301,82.801,82.401,82.901,82.901,82.901,82.301,82.701,82.701,82.701,82.701,82.501,82.701,82.501,82.901,82.901,82.801,82.401,82.601,82.601,82.801,82.901,82.701,82.801,82.701,82.701,82.801,82.801,82.801,82.701,82.801,82.801,82.801,82.901,82.801,82.801,82.801,82.801,82.801,82.601,82.901,82.801,82.801,82.801,82.801,82.801,82.801,82.801,82.801,82.701,82.801,82.801,82.801,82.801,82.801,82.501,82.901,82.801,82.801,82.901,82.801,82.701,82.701,82.701,82.801,82.901,82.901,82.901,82.901,82.701,82.801,82.901,84.801,84.701,84.401,84.101,84.101,84.401,84.001,84.601,84.701,85.401,86.001,81.501,81.501,86.201,100.001,100.001,100.001
>KM189818.1_Jatropha_leaf_crumple_India_virus_[J._curcas__Jodhpur]_isolate_SKJ2,_complete_genome,82.601,82.301,82.801,82.401,82.901,82.901,82.901,82.301,82.701,82.701,82.701,82.701,82.501,82.701,82.501,82.901,82.901,82.801,82.401,82.601,82.601,82.501,82.901,82.701,82.801,82.701,82.701,82.801,82.801,82.801,82.701,82.801,82.801,82.801,82.901,82.801,82.801,82.801,82.801,82.801,82.601,82.901,82.801,82.801,82.801,82.801,82.801,82.801,82.801,82.801,82.701,82.801,82.801,82.801,82.801,82.801,82.501,82.901,82.801,82.801,82.901,82.801,82.701,82.701,82.701,82.801,82.901,82.901,82.901,82.901,82.701,82.801,82.901,84.801,84.701,84.401,84.101,84.101,84.401,84.001,84.501,84.701,85.401,86.001,81.401,81.401,86.201,100.001,100.001,100.001,100.001
>NC_038962.1_Jatropha_leaf_curl_Gujarat_virus,_complete_genome,83.201,82.901,83.501,83.201,83.301,83.101,82.801,82.701,82.701,82.801,82.901,82.601,82.701,83.001,82.801,83.001,83.001,82.901,82.501,82.801,82.801,82.701,83.101,82.801,82.901,82.901,82.901,83.001,83.001,82.901,82.701,82.901,82.801,82.901,82.901,82.901,82.801,82.801,82.901,82.901,82.801,82.901,82.901,82.901,82.901,82.901,82.701,82.801,82.801,82.801,82.701,82.601,82.801,82.801,82.801,82.801,82.701,82.901,82.801,82.801,82.901,82.801,82.701,82.701,82.801,82.801,82.901,82.901,83.101,82.901,82.701,82.801,82.901,85.301,85.301,85.001,85.401,85.401,84.901,84.401,84.801,85.201,85.701,86.401,82.501,82.601,86.501,96.901,96.801,96.901,96.901,100.001
>LK054801.1_Mirabilis_leaf_curl_virus,_complete_sequence,_isolate_Pragpur,78.501,79.501,80.101,79.301,78.901,79.001,78.701,78.901,78.701,78.801,78.801,78.701,78.701,78.601,78.601,78.501,78.701,78.901,78.601,78.601,79.001,78.401,78.601,78.701,78.601,78.601,78.601,78.601,78.601,78.601,78.401,78.601,78.501,78.601,78.701,78.601,78.601,78.601,78.601,78.701,78.701,78.701,78.701,78.701,78.601,78.601,78.601,78.801,78.801,78.801,78.501,78.801,78.701,78.701,78.701,78.701,78.601,78.701,78.701,78.701,78.701,79.001,78.701,78.701,78.701,78.601,78.801,78.701,78.601,78.601,79.001,78.901,78.701,76.701,76.601,76.501,76.601,76.601,75.801,75.701,75.701,75.501,75.601,75.601,75.001,75.201,75.601,75.201,75.201,75.201,75.201,75.801,100.001
>NC_024491.1_Mirabilis_leaf_curl_virus,_complete_sequence,_isolate_Pragpur,78.501,79.501,80.101,79.301,78.901,79.001,78.701,78.901,78.701,78.801,78.801,78.701,78.701,78.601,78.601,78.501,78.701,78.901,78.601,78.601,79.001,78.401,78.601,78.701,78.601,78.601,78.601,78.601,78.601,78.601,78.401,78.601,78.501,78.601,78.701,78.601,78.601,78.601,78.601,78.701,78.701,78.701,78.701,78.701,78.601,78.601,78.601,78.801,78.801,78.801,78.501,78.801,78.701,78.701,78.701,78.701,78.601,78.701,78.701,78.701,78.701,79.001,78.701,78.701,78.701,78.601,78.801,78.701,78.601,78.601,79.001,78.901,78.701,76.701,76.601,76.501,76.601,76.601,75.801,75.701,75.701,75.501,75.601,75.601,75.001,75.201,75.601,75.201,75.201,75.201,75.201,75.801,100.001,100.001
>LN717037.1_Cestrum_leaf_curl_Islamabad_virus_CP_gene_for_Coat_protein,_isolate_CS152,79.801,79.801,80.301,79.801,80.001,80.001,80.101,79.901,79.901,80.101,80.101,80.201,79.701,79.601,79.701,80.001,80.001,79.901,79.701,79.801,80.101,79.801,79.701,80.001,80.001,80.001,80.001,80.001,80.001,80.001,79.801,80.001,79.901,80.001,79.901,79.901,79.801,79.801,79.801,79.901,79.901,79.901,79.901,79.901,79.801,79.901,79.901,79.801,79.801,79.701,79.501,79.801,79.901,79.901,79.801,79.801,79.801,79.901,79.801,79.801,79.901,79.901,79.901,79.701,79.801,79.801,79.801,79.901,79.901,79.801,79.801,80.001,79.901,79.601,79.601,79.401,79.401,79.401,78.801,78.501,79.201,78.701,78.701,78.601,76.301,76.501,77.701,77.701,77.701,77.701,77.701,78.201,85.101,85.101,100.001
>MK158209.1_Pedilanthus_leaf_curl_virus_isolate_F11_Albizia_segment_DNAA,_complete_sequence,78.801,78.601,79.801,78.601,78.401,78.801,79.001,78.701,78.601,78.801,78.901,78.901,78.801,78.801,78.601,78.601,78.601,78.601,78.401,78.401,78.701,78.701,78.301,78.601,78.601,78.601,78.601,78.501,78.601,78.601,78.501,78.601,78.501,78.601,78.701,78.601,78.601,78.601,78.601,78.701,78.601,78.701,78.701,78.701,78.601,78.601,78.601,78.701,78.601,78.601,78.401,78.601,78.701,78.701,78.601,78.601,78.601,78.701,78.701,78.601,78.601,78.701,78.701,78.501,78.601,78.701,78.701,78.701,78.601,78.801,78.601,78.801,78.701,79.601,79.501,79.601,79.101,79.101,79.401,79.001,79.901,79.201,79.401,78.901,77.701,77.601,78.801,78.201,78.201,78.201,78.201,78.201,85.901,85.901,92.701,100.001
>OK236813.1_Pedilanthus_leaf_curl_virus_isolate_Papaya_Delhi_2013,_complete_genome,78.501,78.801,79.201,78.501,78.701,78.701,78.701,78.601,78.701,78.301,78.401,78.301,78.201,77.801,78.401,78.601,78.601,78.401,78.601,78.701,78.901,78.701,78.401,78.501,78.501,78.701,78.701,78.401,78.701,78.501,78.601,78.801,78.401,78.601,78.501,78.501,78.501,78.501,78.501,78.601,78.601,78.601,78.501,78.501,78.501,78.501,78.501,78.601,78.501,78.401,78.201,78.401,78.601,78.601,78.401,78.401,78.501,78.601,78.601,78.501,78.501,78.701,78.501,78.301,78.701,78.401,78.501,78.601,78.601,78.701,78.301,78.701,78.701,78.301,78.301,78.201,78.601,78.601,77.801,77.201,77.801,77.201,77.801,78.101,76.201,76.301,77.301,76.801,76.801,76.801,76.801,77.101,86.701,86.701,90.401,92.101,100.001
>MW816855.1_Croton_enation_leaf_curl_virus_clone_CR1A_segment_DNA_A,_complete_sequence,79.301,79.401,79.801,79.401,79.401,79.801,79.501,79.801,79.601,79.601,79.701,79.501,79.701,79.801,79.701,79.501,79.601,79.701,79.401,79.601,79.601,79.601,79.501,79.701,79.601,79.601,79.601,79.701,79.601,79.701,79.501,79.701,79.601,79.601,79.601,79.401,79.501,79.501,79.501,79.601,79.501,79.601,79.601,79.601,79.501,79.601,79.701,79.501,79.501,79.401,79.301,79.501,79.501,79.601,79.601,79.501,79.501,79.501,79.601,79.501,79.501,79.501,79.601,79.501,79.701,79.601,79.601,79.601,79.301,79.501,79.501,79.601,79.601,79.001,79.001,78.901,79.301,79.301,79.001,79.001,79.301,78.901,79.101,79.301,79.001,79.001,79.801,79.701,79.701,79.701,79.701,79.701,81.201,81.201,82.201,82.701,83.701,100.001
>MW816856.1_Croton_enation_leaf_curl_virus_clone_CR2A_segment_DNA_A,_complete_sequence,79.701,80.001,80.001,80.001,80.101,80.201,79.701,80.201,80.001,80.101,80.101,79.901,80.101,80.301,80.101,79.901,80.101,80.101,79.801,80.001,80.001,80.001,79.901,80.101,80.001,80.101,80.101,80.101,80.101,80.101,80.001,80.101,80.001,80.101,80.001,79.901,79.901,79.901,79.901,80.001,80.001,80.001,80.001,80.001,79.901,80.001,80.101,79.901,79.901,79.801,79.801,80.001,80.001,80.001,80.001,80.001,80.001,80.001,80.001,79.901,80.001,80.001,80.001,79.901,80.201,80.001,80.101,80.001,79.701,79.901,79.901,80.001,80.001,79.501,79.501,79.501,79.801,79.801,79.401,79.401,79.801,79.401,79.701,79.901,79.201,79.101,80.101,80.301,80.301,80.301,80.301,80.401,81.701,81.701,83.101,83.701,83.901,97.901,100.001
>OK236815.1_Papaya_leaf_curl_distortion_virus_isolate_Delhi_Vikaspuri_2018,_complete_genome,80.101,80.101,80.101,80.001,80.201,80.301,79.701,80.301,80.201,80.101,80.101,79.901,80.101,80.301,80.001,80.101,80.101,80.101,80.001,80.101,80.101,79.901,80.101,80.301,80.201,80.101,80.101,80.401,80.101,80.201,80.001,80.201,80.101,80.101,80.201,80.101,80.101,80.101,80.001,80.101,80.101,80.101,80.101,80.101,80.001,80.101,80.301,80.101,80.101,80.001,79.701,80.001,80.101,80.101,80.201,80.201,80.201,80.101,80.101,80.001,80.201,80.101,80.201,80.101,80.301,80.401,80.301,80.101,79.901,80.101,80.401,80.201,80.201,79.601,79.601,79.701,80.001,80.001,79.601,79.501,80.001,79.501,79.601,79.801,78.901,79.001,80.001,80.201,80.201,80.201,80.201,80.701,80.901,80.901,83.001,83.301,83.601,96.301,96.501,100.001

